   1.5555086e+02   1.8772829e+00
   1.7244972e+02   1.9368885e+00
   2.0997620e+02   1.9448751e+00
   2.2691966e+02   1.7980266e+00
   2.0226321e+02   1.9327142e+00
   2.3651348e+02   1.7801686e+00
   2.3255698e+02   1.7373826e+00
   2.3374729e+02   1.9111895e+00
   2.3826106e+02   1.8324978e+00
   2.0146005e+02   1.7993460e+00
   1.7120089e+02   1.9817926e+00
   1.9295357e+02   2.0093843e+00
   2.2613659e+02   1.8508271e+00
   1.9884897e+02   1.9753404e+00
   2.4442553e+02   1.7543753e+00
   1.9179849e+02   1.9776144e+00
   2.0288935e+02   1.9900654e+00
   1.5012847e+02   1.7978855e+00
   1.6267155e+02   1.9808489e+00
   2.3252007e+02   1.8577357e+00
   2.0996711e+02   1.9134426e+00
   1.8364455e+02   1.9011908e+00
   1.5720359e+02   1.9445592e+00
   2.4756578e+02   1.8212875e+00
   2.4227006e+02   1.8929850e+00
   2.1418077e+02   1.8651058e+00
   2.3186701e+02   1.8699516e+00
   1.9293379e+02   1.7795595e+00
   1.2745280e+02   1.8260606e+00
   1.7177925e+02   2.0159416e+00
   2.3291758e+02   1.9883142e+00
   1.7133453e+02   1.9262218e+00
   1.9298322e+02   1.7699740e+00
   1.6190761e+02   1.9968014e+00
   1.8677017e+02   1.9553043e+00
   2.0767447e+02   1.8247436e+00
   1.7057025e+02   1.7764645e+00
   1.9987746e+02   1.8146889e+00
   1.6058275e+02   1.8830260e+00
   1.9486674e+02   1.7334541e+00
   2.1351181e+02   1.8582063e+00
   2.4102293e+02   1.9549459e+00
   1.3869712e+02   1.7899081e+00
   8.6353541e+01   1.9006855e+00
   1.9657705e+02   1.8352508e+00
   1.7524200e+02   1.8257115e+00
   2.3991643e+02   1.9631024e+00
   1.4814612e+02   1.9212075e+00
   2.3136467e+02   2.0281184e+00
   1.6774000e+02   1.7766923e+00
   1.5722179e+02   1.8980141e+00
   1.8296820e+02   1.8646496e+00
   2.4107436e+02   1.8299904e+00
   1.6653031e+02   1.7966308e+00
   1.8036436e+02   1.7861911e+00
   2.2095316e+02   1.8980619e+00
   2.4014291e+02   1.7412693e+00
   1.9055635e+02   1.9556375e+00
   2.0460717e+02   1.9814685e+00
   2.3870895e+02   1.8267089e+00
   1.6789344e+02   1.9665263e+00
   2.2059029e+02   1.8882939e+00
   1.3340473e+02   1.7620985e+00
   2.0094814e+02   1.9290028e+00
   1.7239440e+02   1.9646330e+00
   1.6649595e+02   1.8578746e+00
   2.4276162e+02   1.9538661e+00
   1.5493654e+02   1.9609249e+00
   1.9662071e+02   2.0250290e+00
   1.9285469e+02   1.7618005e+00
   1.2951628e+02   1.9803817e+00
   1.8986444e+02   1.9983176e+00
   1.7112288e+02   1.8827036e+00
   1.5655312e+02   1.7710123e+00
   2.3803681e+02   1.8608204e+00
   2.3694454e+02   1.7414367e+00
   2.3598870e+02   1.9352687e+00
   1.6131159e+02   1.8865335e+00
   2.1050693e+02   1.8747175e+00
   2.0581548e+02   1.8200388e+00
   2.2808503e+02   1.9504939e+00
   2.0918442e+02   1.8371344e+00
   2.2295118e+02   1.8715023e+00
   2.3891660e+02   1.9393091e+00
   2.0646780e+02   1.8707055e+00
   2.1052505e+02   1.8589180e+00
   2.1716556e+02   1.9276258e+00
   1.6304047e+02   1.9437088e+00
   2.2573982e+02   1.9762125e+00
   1.7064851e+02   1.8490216e+00
   2.0746312e+02   1.7195757e+00
   1.6709630e+02   1.7878731e+00
   1.7952698e+02   1.9406858e+00
   1.5783325e+02   1.7560430e+00
   2.4881078e+02   1.8061269e+00
   2.3909616e+02   2.0041309e+00
   1.3121348e+02   1.7395338e+00
   1.6787640e+02   1.7718859e+00
   2.3992836e+02   1.8587406e+00
   1.8518048e+02   1.7712310e+00
   1.8619740e+02   1.8797572e+00
   2.4250221e+02   1.9461575e+00
   2.2211978e+02   1.9854122e+00
   2.1428315e+02   1.8476921e+00
   1.3917761e+02   1.7674245e+00
   1.5713684e+02   1.7406708e+00
   1.8359261e+02   1.7499426e+00
   2.0691537e+02   1.8850696e+00
   1.5585099e+02   1.8341013e+00
   2.4371047e+02   1.9976527e+00
   2.4250221e+02   2.0098787e+00
   1.8357183e+02   1.9723966e+00
   2.1943292e+02   1.9231239e+00
   2.0466776e+02   1.8433661e+00
   1.8929095e+02   1.8298584e+00
   1.2260149e+02   1.9061878e+00
   1.9427366e+02   1.9503142e+00
   1.9609130e+02   1.9619913e+00
   2.4663564e+02   1.9693944e+00
   2.0087694e+02   1.9187292e+00
   2.0342919e+02   1.8064435e+00
   9.1834148e+01   2.0077150e+00
   1.6527715e+02   1.7722127e+00
   2.4040090e+02   1.9954254e+00
   2.4976337e+02   1.9875856e+00
   2.3103054e+02   1.9844033e+00
   1.5418994e+02   1.9622563e+00
   2.1215859e+02   1.7737019e+00
   2.0583865e+02   1.8358888e+00
   2.2682297e+02   1.7176678e+00
   1.4141405e+02   1.9103708e+00
   2.1155087e+02   1.7768410e+00
   1.6921178e+02   1.8570727e+00
   2.1658510e+02   1.9900744e+00
   1.5157621e+02   1.8752457e+00
   2.3819701e+02   1.8558486e+00
   2.0705359e+02   1.9967738e+00
   2.0278591e+02   1.8726167e+00
   1.9100625e+02   1.9613217e+00
   2.2584964e+02   1.9597429e+00
   2.0213115e+02   1.7298873e+00
   2.2636421e+02   1.8619204e+00
   2.4899087e+02   1.9002953e+00
   2.1169959e+02   1.9728245e+00
   1.6141797e+02   1.7630451e+00
   2.3383703e+02   1.8933847e+00
   2.4607432e+02   1.8062102e+00
   2.1744643e+02   1.9657309e+00
   2.2588341e+02   1.9502669e+00
   1.9972471e+02   1.7372210e+00
   1.4570552e+02   1.7803746e+00
   1.8996989e+02   1.9542623e+00
   2.3969771e+02   1.8988870e+00
   1.9738558e+02   1.8912574e+00
   2.1159144e+02   1.9208297e+00
   1.3122802e+02   1.8284198e+00
   2.1584408e+02   1.8966424e+00
   2.4205346e+02   1.8227901e+00
   2.2818536e+02   1.8458676e+00
   2.3182587e+02   2.0031341e+00
   2.4270662e+02   1.8153161e+00
   2.4643448e+02   1.7836716e+00
   2.0558831e+02   1.8085775e+00
   2.3811292e+02   1.9284644e+00
   2.1538850e+02   1.8399517e+00
   1.4510210e+02   1.9153311e+00
   1.2890367e+02   1.8932226e+00
   2.3933138e+02   1.8752721e+00
   2.2320341e+02   1.9747381e+00
   1.5720965e+02   1.9660394e+00
   1.5718539e+02   1.9548002e+00
   2.3947878e+02   1.7643976e+00
   1.6504040e+02   1.9124847e+00
   2.4250614e+02   1.9780517e+00
   1.9522368e+02   1.8510097e+00
   1.9730343e+02   1.8669285e+00
   1.9475904e+02   1.8616035e+00
   1.8737174e+02   1.9612892e+00
   2.4934300e+02   1.9209339e+00
   2.3548705e+02   1.9070501e+00
   1.7909618e+02   1.8860743e+00
   1.7835446e+02   1.9114832e+00
   2.4328747e+02   1.8645960e+00
   1.4376832e+02   1.9276799e+00
   2.4213619e+02   1.9337861e+00
   1.4650187e+02   2.0035958e+00
   1.8480415e+02   1.9192335e+00
   1.1553709e+02   1.9593910e+00
   2.1118992e+02   1.8848803e+00
   1.7960134e+02   1.9357702e+00
   1.5995795e+02   1.8071567e+00
   2.4489719e+02   1.7852007e+00
   2.1524677e+02   1.8232528e+00
   1.8209566e+02   1.8631046e+00
   2.0820191e+02   1.7746372e+00
   2.0444864e+02   1.9374902e+00
   2.4480371e+02   1.7625077e+00
   1.7824214e+02   2.0176876e+00
   2.2524498e+02   1.9090489e+00
   2.2950226e+02   1.8525394e+00
   1.5436303e+02   1.9425157e+00
   2.4100710e+02   1.9988965e+00
   2.3587552e+02   2.0266781e+00
   1.8359781e+02   1.9166611e+00
   1.4516124e+02   1.8851737e+00
   2.4430065e+02   1.8713282e+00
   2.4811220e+02   2.0088861e+00
   2.3820502e+02   1.9932953e+00
   2.0940769e+02   1.8487058e+00
   1.3492590e+02   1.7785006e+00
   2.4445675e+02   1.8880618e+00
   1.8155017e+02   1.9918503e+00
   1.3655589e+02   1.9689506e+00
   1.9465129e+02   1.8466232e+00
   1.5346457e+02   1.8173341e+00
   4.5961566e+01   1.9268704e+00
   1.6529446e+02   1.9014459e+00
   2.1283628e+02   2.0177906e+00
   2.3554779e+02   1.8463861e+00
   2.4316985e+02   1.9887771e+00
