   1.5555086e+02   9.8860700e-01   1.7837397e+02   3.8843348e+01
   1.7244972e+02   9.8906300e-01   1.5963622e+02   7.2127450e+00
   2.0997620e+02   9.9095200e-01   1.5954283e+02   1.2376476e+02
   2.2691966e+02   9.9285100e-01   9.5056612e+01   1.5355510e+02
   2.0226321e+02   9.9072300e-01   3.5734123e+01   2.6258130e+00
   2.3651348e+02   9.9327800e-01   1.5930113e+02   8.2493362e+01
   2.3255698e+02   9.9348900e-01   1.2396252e+02   8.4580828e+01
   2.3374729e+02   9.9215600e-01   1.0431837e+02   1.3850337e+02
   2.3826106e+02   9.9292800e-01   2.6532792e+01   7.3539232e+01
   2.0146005e+02   9.9193200e-01   1.5353862e+02   1.7219947e+02
   1.7120089e+02   9.8846300e-01   1.1545885e+02   8.3377789e+01
   1.9295357e+02   9.8948200e-01   1.1891415e+02   4.4710227e+01
   2.2613659e+02   9.9239700e-01   1.6832667e+02   3.6744896e+01
   1.9884897e+02   9.9014000e-01   1.7641285e+02   1.1234413e+02
   2.4442553e+02   9.9368400e-01   7.1133152e+01   1.1418439e+02
   1.9179849e+02   9.8975200e-01   5.7537156e+01   1.5270363e+02
   2.0288935e+02   9.9019200e-01   5.5592517e+01   8.0768456e+01
   1.5012847e+02   9.8917600e-01   1.7779717e+02   3.4954070e+01
   1.6267155e+02   9.8786600e-01   9.3139439e+01   7.4846644e+01
   2.3252007e+02   9.9255100e-01   7.8444780e+00   5.2906278e+01
   2.0996711e+02   9.9124300e-01   1.1343730e+02   2.1423990e+00
   1.8364455e+02   9.9011000e-01   8.2185736e+01   1.0525773e+02
   1.5720359e+02   9.8790000e-01   6.5431074e+01   9.3095492e+01
   2.4756578e+02   9.9327800e-01   1.5106113e+02   9.8330600e-01
   2.4227006e+02   9.9257700e-01   1.0933378e+02   1.6846400e+02
   2.1418077e+02   9.9184600e-01   8.0834376e+01   6.4601581e+01
   2.3186701e+02   9.9243100e-01   1.5911985e+02   1.2169378e+02
   1.9293379e+02   9.9175900e-01   1.6143254e+02   1.7754448e+02
   1.2745280e+02   9.8683200e-01   1.6874966e+02   3.6179083e+01
   1.7177925e+02   9.8810000e-01   1.6987030e+02   9.8369091e+01
   2.3291758e+02   9.9147700e-01   1.5943846e+02   1.7636341e+02
   1.7133453e+02   9.8911300e-01   6.0333262e+01   8.8442640e+01
   1.9298322e+02   9.9185000e-01   1.5730155e+02   1.2979644e+02
   1.6190761e+02   9.8761000e-01   1.1085543e+01   6.3107395e+01
   1.8677017e+02   9.8971200e-01   1.0715293e+02   1.6030641e+02
   2.0767447e+02   9.9195100e-01   8.1438643e+01   1.2654439e+02
   1.7057025e+02   9.9070600e-01   1.1119053e+02   7.8345897e+01
   1.9987746e+02   9.9172800e-01   5.8322703e+01   1.4328806e+02
   1.6058275e+02   9.8889800e-01   1.4943510e+02   1.1931516e+01
   1.9486674e+02   9.9226000e-01   1.1588183e+02   7.8005310e+00
   2.1351181e+02   9.9188100e-01   1.1272317e+01   1.5576891e+02
   2.4102293e+02   9.9204000e-01   1.2784631e+02   1.3804743e+02
   1.3869712e+02   9.8838300e-01   1.7593494e+02   1.6895840e+02
   8.6353541e+01   9.7885900e-01   1.7685232e+02   4.6940519e+01
   1.9657705e+02   9.9139600e-01   1.6703024e+02   2.8427992e+01
   1.7524200e+02   9.9044400e-01   1.2425916e+02   5.1307720e+00
   2.3991643e+02   9.9193600e-01   4.0222175e+01   6.5480514e+01
   1.4814612e+02   9.8746400e-01   8.5509201e+01   9.6699118e+01
   2.3136467e+02   9.9107100e-01   1.6424513e+02   4.8127079e+01
   1.6774000e+02   9.9054600e-01   1.5004486e+02   5.0033265e+01
   1.5722179e+02   9.8847700e-01   7.9103977e+01   9.2084719e+01
   1.8296820e+02   9.9045300e-01   1.0354930e+01   1.4294748e+02
   2.4107436e+02   9.9303000e-01   5.5471664e+01   1.5101169e+01
   1.6653031e+02   9.9026100e-01   1.2055116e+02   2.1956847e+01
   1.8036436e+02   9.9111600e-01   8.3004240e+00   1.7375408e+01
   2.2095316e+02   9.9181400e-01   1.7046907e+02   7.0243233e+01
   2.4014291e+02   9.9366700e-01   1.7149632e+02   9.1019013e+01
   1.9055635e+02   9.8991400e-01   3.5184790e+01   4.3880734e+01
   2.0460717e+02   9.9035900e-01   7.9653310e+00   3.7634816e+01
   2.3870895e+02   9.9298600e-01   1.3478439e+02   1.4696860e+02
   1.6789344e+02   9.8841600e-01   1.3174108e+02   2.4192633e+01
   2.2059029e+02   9.9188500e-01   1.2659932e+02   1.6325633e+02
   1.3340473e+02   9.8829400e-01   1.5994934e+02   9.3441570e+00
   2.0094814e+02   9.9069800e-01   1.1107517e+02   1.2117191e+02
   1.7239440e+02   9.8874200e-01   1.7144139e+02   9.1919919e+01
   1.6649595e+02   9.8958000e-01   1.5888913e+02   1.4695761e+02
   2.4276162e+02   9.9210600e-01   6.3382061e+01   2.4159673e+01
   1.5493654e+02   9.8751300e-01   1.2237495e+02   1.0832850e+02
   1.9662071e+02   9.8951700e-01   1.7661611e+02   1.5925718e+02
   1.9285469e+02   9.9192000e-01   1.5607654e+02   1.7389141e+02
   1.2951628e+02   9.8474300e-01   1.6854640e+02   1.5195654e+02
   1.8986444e+02   9.8942800e-01   1.5776849e+02   1.8347728e+01
   1.7112288e+02   9.8958900e-01   1.1863948e+02   1.3420209e+02
   1.5655312e+02   9.8993200e-01   1.7748955e+01   3.8162175e+01
   2.3803681e+02   9.9270000e-01   1.5198950e+02   7.8082217e+01
   2.3694454e+02   9.9358000e-01   1.4888577e+02   1.7202368e+02
   2.3598870e+02   9.9203300e-01   1.1654653e+02   1.1269021e+02
   1.6131159e+02   9.8890700e-01   1.7508347e+02   1.7297952e+02
   2.1050693e+02   9.9161700e-01   1.0745506e+02   5.8196356e+01
   2.0581548e+02   9.9192000e-01   1.3450972e+02   1.7396283e+02
   2.2808503e+02   9.9162500e-01   1.4261788e+02   6.6101260e+01
   2.0918442e+02   9.9190000e-01   1.4846828e+02   8.0010376e+01
   2.2295118e+02   9.9211400e-01   1.0719688e+02   3.2449110e+01
   2.3891660e+02   9.9209800e-01   1.2021058e+02   2.9680471e+01
   2.0646780e+02   9.9148900e-01   1.0754296e+02   5.2472304e+01
   2.1052505e+02   9.9175900e-01   1.7917051e+02   1.0299997e+02
   2.1716556e+02   9.9140800e-01   7.0951872e+01   4.3056734e+01
   1.6304047e+02   9.8834600e-01   1.6312998e+02   1.0389538e+02
   2.2573982e+02   9.9131200e-01   9.1793570e+00   9.5551012e+01
   1.7064851e+02   9.8993200e-01   3.5497909e+01   1.4507889e+02
   2.0746312e+02   9.9284800e-01   1.6518998e+02   1.6183355e+01
   1.6709630e+02   9.9038900e-01   1.3477340e+02   9.7693411e+01
   1.7952698e+02   9.8945500e-01   1.4600726e+02   8.6618854e+01
   1.5783325e+02   9.9018300e-01   1.3338359e+02   1.4783654e+02
   2.4881078e+02   9.9342300e-01   3.5431990e+01   1.2255074e+02
   2.3909616e+02   9.9156500e-01   1.7462203e+02   8.5641041e+01
   1.3121348e+02   9.8840200e-01   1.5130283e+02   2.9664000e-01
   1.6787640e+02   9.9060500e-01   1.3076876e+02   6.7474593e+01
   2.3992836e+02   9.9277400e-01   3.6821802e+01   1.5765862e+01
   1.8518048e+02   9.9149300e-01   1.6405286e+02   3.4976043e+01
   1.8619740e+02   9.9046600e-01   9.8687704e+01   1.0765832e+02
   2.4250221e+02   9.9216000e-01   1.7589099e+02   2.7741325e+01
   2.2211978e+02   9.9108700e-01   1.5734001e+02   1.0507096e+02
   2.1428315e+02   9.9200200e-01   7.0924406e+01   3.3976257e+01
   1.3917761e+02   9.8871400e-01   1.7863765e+02   1.1973266e+02
   1.5713684e+02   9.9031200e-01   1.2490738e+02   1.7517136e+02
   1.8359261e+02   9.9162500e-01   7.6011231e+01   1.2417127e+02
   2.0691537e+02   9.9137600e-01   1.6440443e+02   1.2026002e+02
   1.5585099e+02   9.8914900e-01   1.0143437e+02   1.4890774e+02
   2.4371047e+02   9.9177900e-01   1.2829676e+02   8.5388348e+01
   2.4250221e+02   9.9163600e-01   1.6567339e+02   1.5831782e+02
   1.8357183e+02   9.8934700e-01   1.5480209e+01   1.6549211e+02
   2.1943292e+02   9.9153700e-01   3.6613056e+01   7.7543870e+01
   2.0466776e+02   9.9166400e-01   7.8060244e+01   1.6734336e+02
   1.8929095e+02   9.9111600e-01   5.3680837e+01   1.1272317e+02
   1.2260149e+02   9.8507000e-01   1.7585803e+02   1.0513138e+02
   1.9427366e+02   9.9016200e-01   3.2317270e+01   2.0171514e+01
   1.9609130e+02   9.9013600e-01   1.0934477e+02   2.9444260e+00
   2.4663564e+02   9.9210600e-01   1.0328562e+02   8.0806910e+00
   2.0087694e+02   9.9079400e-01   1.4242012e+02   4.7396466e+01
   2.0342919e+02   9.9194700e-01   8.0219123e+01   1.2526444e+02
   9.1834148e+01   9.7780700e-01   1.5865841e+02   1.7299600e+02
   1.6527715e+02   9.9045300e-01   1.4983612e+02   3.7728202e+01
   2.4040090e+02   9.9168400e-01   1.3838252e+02   1.0897122e+02
   2.4976337e+02   9.9206000e-01   1.5765862e+02   5.1554918e+01
   2.3103054e+02   9.9144100e-01   9.0552080e+01   5.0577105e+01
   1.5418994e+02   9.8743500e-01   1.5646107e+02   8.8063601e+01
   2.1215859e+02   9.9255800e-01   1.7581408e+02   2.7252419e+01
   2.0583865e+02   9.9177900e-01   2.4527726e+01   1.2379772e+02
   2.2682297e+02   9.9347500e-01   1.6294870e+02   3.0378124e+01
   1.4141405e+02   9.8701200e-01   1.7574267e+02   2.2791833e+01
   2.1155087e+02   9.9251000e-01   1.5083590e+02   1.4439222e+02
   1.6921178e+02   9.8975700e-01   1.2737388e+02   5.3631397e+01
   2.1658510e+02   9.9081500e-01   5.5416730e+01   5.1752678e+01
   1.5157621e+02   9.8833200e-01   1.4955596e+02   1.5577990e+02
   2.3819701e+02   9.9274400e-01   8.3938110e+00   4.8209479e+01
   2.0705359e+02   9.9032500e-01   8.9804987e+01   1.2341319e+02
   2.0278591e+02   9.9131600e-01   1.5930662e+02   1.0179144e+01
   1.9100625e+02   9.8987900e-01   1.4140385e+02   4.3748894e+01
   2.2584964e+02   9.9146100e-01   1.2473159e+02   2.8499405e+01
   2.0213115e+02   9.9257000e-01   1.6493728e+02   1.1575549e+02
   2.2636421e+02   9.9231300e-01   7.9521470e+01   1.6225105e+02
   2.4899087e+02   9.9272200e-01   1.7690725e+02   1.1723319e+02
   2.1169959e+02   9.9076500e-01   1.4797937e+02   1.5214881e+02
   1.6141797e+02   9.9032500e-01   5.5207980e+00   2.1550340e+01
   2.3383703e+02   9.9230500e-01   1.2254524e+02   2.3478500e+01
   2.4607432e+02   9.9334900e-01   8.4075442e+01   6.8320566e+01
   2.1744643e+02   9.9107500e-01   1.6316294e+02   6.5332194e+01
   2.2588341e+02   9.9154500e-01   7.2803125e+01   1.2416578e+02
   1.9972471e+02   9.9241600e-01   1.1157506e+02   1.0418104e+02
   1.4570552e+02   9.8906300e-01   1.6792566e+02   1.5585681e+02
   1.8996989e+02   9.8989700e-01   1.0685629e+02   1.1080599e+02
   2.3969771e+02   9.9245000e-01   1.5628529e+02   1.5829585e+02
   1.9738558e+02   9.9089800e-01   3.2114017e+01   1.1034455e+02
   2.1159144e+02   9.9124300e-01   1.5443953e+02   1.5322001e+02
   1.3122802e+02   9.8718000e-01   1.4369457e+02   1.6295419e+02
   2.1584408e+02   9.9163200e-01   1.6216315e+02   1.7442427e+02
   2.4205346e+02   9.9311300e-01   1.1449202e+02   1.7398480e+02
   2.2818536e+02   9.9250600e-01   1.0538408e+02   1.5754875e+02
   2.3182587e+02   9.9130800e-01   1.6584918e+02   1.0149480e+02
   2.4270662e+02   9.9318800e-01   1.1516770e+02   4.9236732e+01
   2.4643448e+02   9.9352400e-01   1.4427686e+02   1.6621174e+02
   2.0558831e+02   9.9201300e-01   1.6365734e+02   1.2732994e+02
   2.3811292e+02   9.9216000e-01   1.1987548e+02   9.4007385e+01
   2.1538850e+02   9.9211000e-01   1.2484146e+02   1.2815943e+02
   1.4510210e+02   9.8727800e-01   1.2655538e+02   4.1249428e+01
   1.2890367e+02   9.8599900e-01   1.7754997e+02   2.6455885e+01
   2.3933138e+02   9.9262600e-01   2.7834712e+01   6.5183874e+01
   2.2320341e+02   9.9122600e-01   1.7463302e+02   1.2902188e+02
   1.5720965e+02   9.8763000e-01   1.2773095e+02   2.6131779e+01
   1.5718539e+02   9.8777000e-01   1.1640370e+01   1.4491409e+01
   2.3947878e+02   9.9347900e-01   1.1876034e+02   1.1194861e+02
   1.6504040e+02   9.8885700e-01   1.7744011e+02   1.3538865e+02
   2.4250614e+02   9.9190000e-01   1.6909574e+02   4.8066652e+01
   1.9522368e+02   9.9118600e-01   1.4597980e+02   1.3613575e+02
   1.9730343e+02   9.9112800e-01   1.4702902e+02   1.4591388e+02
   1.9475904e+02   9.9106300e-01   1.7618213e+02   7.0699180e+00
   1.8737174e+02   9.8968200e-01   4.2309641e+01   1.3287271e+02
   2.4934300e+02   9.9257300e-01   1.9550768e+01   7.7510910e+00
   2.3548705e+02   9.9224800e-01   7.9763176e+01   1.4511734e+02
   1.7909618e+02   9.9001900e-01   1.5078646e+02   1.3371319e+02
   1.7835446e+02   9.8970400e-01   1.7183142e+02   1.5282449e+02
   2.4328747e+02   9.9282900e-01   1.4717734e+02   1.1070162e+02
   1.4376832e+02   9.8699200e-01   1.5266518e+02   1.0621357e+02
   2.4213619e+02   9.9224800e-01   1.3310343e+01   1.5701590e+02
   1.4650187e+02   9.8620400e-01   1.6720603e+02   1.5645009e+01
   1.8480415e+02   9.8998400e-01   6.0811180e+00   6.9853206e+01
   1.1553709e+02   9.8324500e-01   1.7600635e+02   1.1901853e+02
   2.1118992e+02   9.9155300e-01   1.0281320e+02   1.6962310e+02
   1.7960134e+02   9.8951300e-01   1.1719474e+02   7.2836085e+01
   1.5995795e+02   9.8973900e-01   1.7518235e+02   1.3655324e+02
   2.4489719e+02   9.9347200e-01   1.1639271e+02   5.6378063e+01
   2.1524677e+02   9.9224800e-01   1.2180364e+02   1.5781793e+02
   1.8209566e+02   9.9042300e-01   1.2995026e+02   1.2690695e+02
   2.0820191e+02   9.9240800e-01   8.8195441e+01   4.4441053e+01
   2.0444864e+02   9.9077700e-01   1.6870022e+02   1.6062502e+01
   2.4480371e+02   9.9363500e-01   1.4419446e+02   1.7339152e+02
   1.7824214e+02   9.8851400e-01   1.7839045e+02   5.3323771e+01
   2.2524498e+02   9.9187700e-01   5.6103397e+01   7.6807764e+01
   2.2950226e+02   9.9249500e-01   1.5942198e+02   1.3022492e+02
   1.5436303e+02   9.8770200e-01   1.2786279e+02   1.3341655e+02
   2.4100710e+02   9.9167600e-01   1.4656758e+02   1.2189154e+02
   2.3587552e+02   9.9125500e-01   1.6478896e+02   8.8305307e+01
   1.8359781e+02   9.8994500e-01   7.0122379e+01   1.6158635e+02
   1.4516124e+02   9.8768300e-01   1.5908689e+02   4.3567614e+01
   2.4430065e+02   9.9280700e-01   1.0739463e+02   5.7789850e+00
   2.4811220e+02   9.9183400e-01   1.5829035e+02   3.6722922e+01
   2.3820502e+02   9.9162500e-01   2.6384472e+01   3.4020203e+01
   2.0940769e+02   9.9180600e-01   1.1931516e+02   1.2664876e+02
   1.3492590e+02   9.8820900e-01   1.4340892e+02   3.5421003e+01
   2.4445675e+02   9.9268200e-01   1.2333628e+02   9.7264931e+01
   1.8155017e+02   9.8901300e-01   1.4384838e+02   1.2674764e+02
   1.3655589e+02   9.8570300e-01   1.0076418e+02   1.5922422e+02
   1.9465129e+02   9.9120200e-01   1.5964721e+02   3.7058016e+01
   1.5346457e+02   9.8918100e-01   1.7349040e+02   3.9129002e+01
   4.5961566e+01   9.5875900e-01   1.5739494e+02   1.0988861e+02
   1.6529446e+02   9.8900300e-01   1.3425703e+01   2.6703085e+01
   2.1283628e+02   9.9038900e-01   1.4822657e+02   8.7184668e+01
   2.3554779e+02   9.9273700e-01   6.9732353e+01   1.5024262e+01
   2.4316985e+02   9.9183400e-01   1.1997436e+01   1.6567888e+01
